tomo_input=[[10,436147,543650,462206,616513,460,3281,2493,505,1,0,1,0],[10,433210,550778,569998,500256,2205,1171,944,2229,1,0,0.707107,0.707107],[10,435256,552166,520371,555194,1263,2196,1761,1349,1,0,0.707107,0+0.707107j],[10,575409,429124,464109,619958,1891,1826,1313,1735,0.707107,0.707107,1,0],[10,572704,425030,566931,495163,2944,456,335,2647,0.707107,0.707107,0.707107,0.707107],[10,569852,424658,515255,547077,1548,2156,1584,1440,0.707107,0.707107,0.707107,0+0.707107j],[10,560585,438608,461764,617998,787,2873,2146,871,0.707107,0+0.707107j,1,0],[10,559694,438524,568790,501080,1930,1623,1259,1915,0.707107,0+0.707107j,0.707107,0.707107],[10,557686,436402,515297,550212,2977,431,271,3028,0.707107,0+0.707107j,0.707107,0+0.707107j]];
intensity=[1,1,1,1,1,1,1,1,1];